0 9362
1 9113
2 12949
3 11581
4 7702
5 12949
6 243
7 11990
8 2076
9 4929
10 5655
11 156
12 4929
13 5655
14 156
15 9828
16 5655
17 3728
18 11334
19 5066
20 3522
21 12966
22 2843
23 11489
24 6124
25 2599
26 9180
27 783
28 1700
29 9354
30 3484
31 9354
32 9354
33 783
34 11133
35 12816
36 4929
37 9752
38 3401
39 4929
40 11582
41 156
42 5663
43 9752
44 5823
45 7207
46 8622
47 7207
48 2971
49 3524
50 9800
51 827
52 3034
53 5783
54 12949
55 303
56 1079
57 12949
58 12949
59 7680
60 882
61 5459
62 12212
63 11232
64 7702
65 4331
66 4426
67 7702
68 4331
69 4033
70 3509
71 10666
n472 3264
73 1231
74 4693
75 11987
76 328
77 11489
78 2705
79 5463
80 7804
81 5392
82 9113
83 2350
84 304
85 3880
86 2350
87 12421
88 5459
89 4763
90 4929
91 7702
92 156
93 4929
94 1015
95 156
96 1123
97 601
98 1132
99 11334
100 10149
101 522
102 522
103 3880
104 522
105 5072
106 4441
107 12561
108 11737
109 9113
110 5368
111 5368
112 9354
113 5368
114 11737
115 1700
116 12560
117 4929
118 11838
119 156
120 4929
121 11582
122 156
123 10896
124 1454
125 5823
126 718
127 1269
128 3677
129 9800
130 3524
131 9800
132 2846
133 7145
134 3677
135 3634
136 5459
137 12949
138 12400
139 12949
140 12949
141 3634
142 5459
143 12212
144 6614
145 7702
146 10108
147 6614
148 7702
149 3537
150 1123
151 988
152 4061
153 89
154 6920
155 5071
156 5492
157 328
158 11489
159 89
160 767
161 7804
162 4088
163 4540
164 1956
165 5556
166 2843
167 7680
168 12034
169 6252
170 11686
171 4827
172 9502
173 4690
174 4827
175 2023
176 4690
177 2008
178 10859
179 5809
180 8671
181 2843
182 5861
183 2916
184 2843
185 4947
186 950
187 1307
188 10547
189 3484
190 10129
191 11937
192 3484
193 2717
194 11937
195 6943
196 10690
197 1148
198 12457
199 3664
200 8910
201 12457
202 8313
203 8910
204 9259
205 3664
206 2946
207 11564
208 11632
209 12760
210 2971
211 11943
212 9589
213 12456
214 11781
215 9298
216 12900
217 6297
218 3908
219 3908
220 29
221 7680
222 4017
223 3258
224 12621
225 288
226 4799
227 11735
228 3720
229 4799
230 12264
231 8893
232 2315
233 6300
234 10227
235 466
236 3496
237 8775
238 2866
239 12264
240 842
241 10360
242 3738