0 5699
1 839
2 4669
3 7411
4 3634
5 11242
6 10666
7 3974
8 3738
9 9085
10 11838
11 5878
12 5764
13 7411
14 6963
15 7911
16 7911
17 11779
18 12356
19 12132
20 258
21 3716
22 2136
23 4827
24 3308
25 9249
26 1365
27 10937
28 3634
29 6060
30 5575
31 3634
32 12680
33 8543
34 7650
35 8410
36 7411
37 10937
38 12423
39 6750
40 7911
41 6963
42 7911
43 7911
44 11779
45 11737
46 3477
47 2736
48 6422
49 12282
50 12393
51 7650
52 7650
53 9936
54 6449
55 9333
56 5860
57 2076
58 6363
59 12367
60 3346
61 4874
62 6961
63 5422
64 9085
65 9198
66 5764
67 11758
68 12367
69 8220
70 8220
71 1055
72 5918
73 7675
74 8467
75 12617
76 3428
77 650
78 10340
79 83
80 2925
81 11006
82 839
83 3664
84 9003
85 2244
86 7870
87 3492
88 1392
89 1652
90 5459
91 9959
92 11911
93 5459
94 12686
95 7870
96 3492
97 10661
98 653
99 5835
100 9752
101 6495
102 4827
103 2684
104 4827
105 3944
106 10661
107 7955
108 5459
109 3634
110 5101
111 5459
112 3634
113 6979
114 6528
115 10982
116 12485
117 5459
118 11443
119 29
120 5459
121 3634
122 12158
123 12949
124 10982
125 1114
126 12288
127 5835
128 3517
129 12288
130 7605
131 6979
132 4660
133 4660
134 2491
135 4653
136 952
137 7729
138 718
139 1174
140 3474
141 8433
142 622
143 6961
144 12796
145 8054
146 692
147 5422
148 6775
149 1707
150 12214
151 8737
152 8857
153 4653
154 11691
155 11781
156 718
157 1174
158 12365
159 4726
160 622
161 319
162 839
163 839
164 3664
165 8878
166 9015
167 8878
168 3913
169 10677
170 8710
171 2719
172 9959
173 3858
174 4033
175 9015
176 11118
177 9901
178 4229
179 18
180 11582
181 11582
182 2839
183 2163
184 4929
185 5517
186 4910
187 2096
188 6372
189 1454
190 1454
191 12262
192 3500
193 10221
194 11765
195 10423
196 4513
197 12960
198 988
199 6042
200 12964
201 988
202 5285
203 4979
204 12803
205 10868
206 12958
207 2163
208 12519
209 6252
210 9113
211 2163
212 6245
213 2567
214 2567
215 5568
216 952
217 952
218 5500
219 12625
220 6775
221 11306
222 3911
223 11468
224 3805
225 3913
226 3913
227 7487
228 6920
229 6775
230 2827
231 2131
232 3913
233 8342
234 10990
235 9411
236 5270
237 11334
238 6525
239 6137
240 5356
241 9791
242 11082