0 9897
1 3216
2 6659
3 11242
4 3634
5 11242
6 4887
7 5477
8 2188
9 9085
10 9959
11 5878
12 5764
13 9015
14 6963
15 7911
16 8220
17 5219
18 1079
19 6165
20 5385
21 12617
22 12155
23 5517
24 6441
25 2757
26 2459
27 10937
28 3041
29 12804
30 8543
31 7478
32 12680
33 12398
34 6451
35 7539
36 988
37 10937
38 12423
39 11268
40 7911
41 3816
42 7911
43 7911
44 12366
45 12356
46 3041
47 9879
48 6422
49 12282
50 6145
51 7650
52 12117
53 9936
54 3707
55 890
56 5634
57 2076
58 5074
59 6000
60 6898
61 9302
62 6161
63 5422
64 9085
65 9198
66 5764
67 834
68 6728
69 8220
70 4874
71 12254
72 8386
73 9333
74 8467
75 12617
76 4397
77 2411
78 6960
79 782
80 747
81 12131
82 9752
83 3664
84 9003
85 10253
86 11214
87 12214
88 7497
89 1652
90 5459
91 3509
92 11911
93 7870
94 10253
95 7870
96 1375
97 10661
98 653
99 269
100 9752
101 12672
102 9354
103 2684
104 331
105 3944
106 10661
107 2277
108 5459
109 3634
110 7672
111 7909
112 3634
113 6979
114 8410
115 10982
116 6269
117 5459
118 11443
119 29
120 5459
121 3634
122 12158
123 9880
124 12214
125 1114
126 12838
127 2199
128 5350
129 4630
130 5106
131 2099
132 8576
133 4660
134 11937
135 4653
136 6171
137 6946
138 4463
139 12082
140 7343
141 4726
142 5011
143 10605
144 9587
145 347
146 7737
147 3880
148 9661
149 2730
150 8433
151 10953
152 6601
153 2545
154 11691
155 2591
156 10815
157 5432
158 7435
159 4726
160 9136
161 8395
162 2969
163 839
164 10140
165 5451
166 8187
167 3040
168 3120
169 1404
170 2205
171 2719
172 9959
173 12829
174 577
175 9015
176 11118
177 5451
178 4331
179 18
180 1269
181 5485
182 7858
183 11334
184 4929
185 10948
186 6903
187 12634
188 6372
189 8213
190 1454
191 12883
192 3500
193 10221
194 2143
195 12803
196 4513
197 8710
198 988
199 6042
200 12564
201 11217
202 12642
203 10415
204 2922
205 10868
206 8055
207 2163
208 12519
209 7365
210 2717
211 5392
212 6245
213 11053
214 2567
215 5568
216 10475
217 9411
218 9303
219 3279
220 243
221 11306
222 5401
223 5722
224 3805
225 9756
226 4874
227 10571
228 413
229 6775
230 2827
231 2669
232 11468
233 8342
234 3729
235 10224
236 4943
237 1269
238 6525
239 7211
240 5356
241 9889
242 11082